37.16806911167099
37.18947093148691
37.162078809514234
37.1663574982452
37.169780803921306
37.16293450785267
37.163790225894594
39.10569421436092
39.09038969789879
39.17148174722048
39.17508974016976
39.174187710778305
39.149840766609174
48.1138378242489
48.14708516787479
56.442988450389755
38.9771427813188
39.048108374925334
39.04001717003247
39.02294124289088
57.80827364055564
53.85301219690772
53.87533702877997
53.869134758422085
53.87657756854133
59.62247497908093
37.11504573087804
37.07490099842973
37.11760963596199
